#io generator
#numio=200 maxtracks=512 lambda=2.500000
1 253
17 248
40 502
156 392
295 481
403 485
531 345
584 45
715 103
850 431
887 112
945 430
980 342
1149 255
1201 43
1335 476
1360 145
1376 114
1407 459
1653 50
1803 359
1807 316
1850 250
1957 83
2060 260
2062 372
2122 442
2126 77
2244 279
2323 425
2361 266
2368 320
2467 152
2655 294
2686 7
2734 507
2740 15
2782 283
2898 271
2924 126
2993 138
3223 11
3236 89
3405 291
3528 364
3714 144
3844 276
4062 42
4117 274
4159 241
4368 184
4436 501
4548 44
4658 132
4695 493
4829 308
5032 419
5147 492
5396 316
5464 387
5501 227
5504 59
5743 0
5763 225
5832 290
6017 247
6212 228
6268 335
6336 92
6522 442
6536 363
6593 43
6661 104
6665 267
6809 296
6839 78
6841 163
6870 4
6905 239
6959 437
6962 184
7000 493
7137 410
7222 173
7459 272
7480 65
7505 343
7527 394
7693 132
7725 358
7875 293
8031 441
8206 63
8370 109
8450 163
8456 320
8555 208
8634 248
8655 106
8799 98
8915 13
8950 503
9054 272
9174 292
9306 24
9335 321
9421 63
9482 263
9508 184
9620 429
9720 407
9777 183
9798 28
9950 211
9978 341
10060 3
10163 472
10406 199
10461 379
10679 125
10810 118
10975 209
11015 186
11207 309
11319 332
11372 207
11425 466
11548 332
11771 311
11776 118
11805 340
11830 494
11909 116
11949 22
12174 161
12205 387
12276 82
12293 463
12360 46
12424 128
12540 488
12634 95
12795 214
12944 426
12946 459
12952 154
13026 136
13041 270
13127 99
13189 480
13248 130
13308 330
13358 199
13375 262
13554 215
13581 437
13588 226
13698 254
13728 282
13795 89
13880 422
13995 470
14004 454
14058 365
14066 484
14159 289
14179 70
14200 319
14267 195
14280 219
14416 200
14446 450
14594 1
14637 56
14709 460
14740 86
14852 11
14860 418
15045 273
15113 508
15172 93
15245 348
15280 393
15313 435
15328 226
15358 487
15506 287
15653 342
15727 107
15855 60
15865 33
15896 427
15904 191
15997 510
16180 93
16426 198
16467 281
16473 351
16508 191
16577 240
