#io generator
#numio=99 maxtracks=312 lambda=2.200000
1 257
13 17
40 25
74 294
79 208
107 54
249 254
256 158
275 127
330 299
358 307
362 169
434 137
561 310
569 299
671 240
755 14
849 45
857 81
862 66
986 142
1016 281
1035 156
1067 170
1184 7
1226 89
1276 259
1350 5
1431 226
1440 227
1492 286
1535 197
1612 205
1692 3
1769 303
1897 62
1924 262
1962 269
1980 6
2062 86
2106 19
2126 31
2237 5
2244 206
2320 82
2350 102
2362 282
2498 290
2547 225
2675 96
2743 274
2785 18
2857 306
2978 304
3046 78
3091 235
3137 197
3197 173
3275 96
3297 5
3365 196
3378 187
3430 40
3441 97
3445 148
3576 307
3580 209
3720 308
3780 303
3846 281
3888 137
3923 44
3928 310
4040 123
4061 284
4067 288
4074 217
4117 75
4220 258
4243 105
4339 81
4363 281
4488 91
4599 181
4618 179
4657 241
4658 287
4776 32
4896 252
4937 67
5009 186
5018 259
5039 204
5043 48
5082 120
5123 100
5183 254
5198 180
5205 36
