#io generator
#numio=1000 maxtracks=648 lambda=2.500000
1 127
49 292
136 112
203 201
292 385
455 289
684 167
873 599
1000 29
1039 510
1210 378
1247 434
1323 80
1413 596
1473 556
1668 394
1674 121
1681 383
1733 326
1960 585
1972 442
2022 2
2281 121
2528 405
2559 140
2620 20
2791 445
2924 184
3101 161
3127 140
3140 33
3323 105
3355 574
3507 389
3564 424
3644 316
3692 554
3769 181
3774 272
4004 178
4117 206
4159 283
4160 467
4340 166
4585 22
4637 633
4839 341
4867 484
4905 529
4922 606
4967 405
5004 114
5018 358
5047 350
5117 321
5140 504
5313 398
5478 526
5525 390
5533 170
5647 282
5679 323
5958 296
5991 158
6028 248
6051 387
6052 293
6213 83
6530 433
6602 318
6796 158
6837 299
6840 70
7011 409
7034 39
7070 399
7112 498
7210 492
7211 533
7215 258
7327 265
7397 264
7485 299
7544 135
7792 580
7798 111
7823 335
7849 194
7893 539
7968 244
7980 62
8106 564
8231 284
8448 323
8522 185
8601 69
8732 620
8815 152
8878 595
8945 226
9123 323
9207 3
9208 468
9250 215
9342 509
9478 426
9693 252
9779 361
9964 269
9970 196
10103 361
10164 257
10247 600
10359 606
10553 48
10592 428
10689 522
10811 382
10897 630
11140 55
11294 409
11442 416
11444 176
11470 550
11599 167
11618 252
11797 364
11963 215
12040 271
12076 217
12154 357
12473 44
12524 429
12644 575
12757 377
13046 256
13074 463
13078 152
13386 155
13396 438
13475 153
13483 203
13654 553
13770 187
13807 592
13917 498
13989 403
14179 534
14218 322
14355 597
14364 443
14408 190
14467 230
14553 252
14655 397
14663 59
14858 86
14918 420
15224 34
15479 169
15761 365
15764 280
15788 563
15822 305
15875 627
15933 289
16051 460
16198 34
16206 174
16273 428
16487 329
16639 473
16754 103
16809 407
16837 205
17057 116
17271 596
17377 43
17544 563
17632 101
17821 604
17925 318
18040 222
18129 459
18236 640
18289 320
18367 80
18397 89
18436 392
18593 321
18836 425
18961 520
19058 186
19266 238
19286 265
19371 644
19419 82
19495 638
19568 19
19699 54
19701 42
19799 333
19823 521
19941 306
20002 272
20287 215
20296 418
20313 424
20564 4
20566 58
20628 353
20638 492
20762 369
20911 93
21015 285
21045 402
21126 523
21143 450
21250 511
21271 15
21298 89
21349 184
21513 319
21770 464
21849 623
22023 594
22104 577
22230 117
22301 274
22347 41
22551 360
22679 240
22731 531
22739 633
22845 152
23025 242
23076 66
23096 551
23101 565
23151 3
23277 174
23359 369
23622 449
23625 240
23627 62
23658 373
23821 392
24079 389
24203 595
24230 589
24471 18
24510 180
24526 284
24542 113
24585 312
24608 642
24759 448
24853 452
24909 385
24917 263
25047 196
25349 306
25582 599
25591 378
25784 184
25862 495
25905 502
25910 288
25938 112
26046 342
26165 517
26249 263
26326 53
26339 568
26465 112
26504 239
26578 174
26770 250
26795 594
27081 24
27107 299
27279 334
27311 547
27587 294
27589 375
27890 437
27945 325
27955 563
28054 121
28204 170
28256 20
28368 542
28409 308
28438 320
28496 124
28582 386
28701 215
28715 579
28738 47
28787 128
28905 214
29114 20
29301 619
29528 271
29546 420
29673 326
29800 205
29848 636
30016 365
30090 121
30243 4
30407 267
30455 581
30497 336
30784 424
30923 404
31227 382
31346 530
31436 361
31468 447
31495 597
31520 575
31551 346
31758 20
31770 224
31798 554
31848 1
31884 449
32110 372
32138 563
32168 602
32246 139
32330 96
32334 43
32469 176
32622 591
32647 616
32819 280
32895 435
32966 379
32968 441
33035 241
33163 460
33171 378
33210 180
33279 334
33306 613
33449 472
33461 495
33630 520
33634 358
33773 150
33853 335
33975 642
33999 83
34096 135
34272 12
34370 321
34514 419
34523 11
34768 345
34855 86
34930 170
35133 373
35136 426
35191 42
35218 63
35259 463
35366 624
35501 522
35512 183
35513 585
35555 385
35614 22
35646 310
35652 108
35653 379
35695 318
35890 106
35898 568
36080 291
36339 21
36429 156
36579 105
36606 294
36891 193
37037 637
37063 26
37161 389
37170 532
37179 83
37489 58
37627 189
37726 364
37796 422
37862 181
37874 247
37917 420
38027 39
38204 537
38286 505
38302 163
38458 212
38498 222
38746 239
38767 5
38846 100
38858 137
38926 442
39087 585
39134 139
39157 282
39259 321
39269 142
39361 580
39366 45
39491 113
39536 286
39616 399
39781 280
40087 616
40154 314
40167 351
40299 358
40328 306
40398 362
40527 415
40845 184
40862 52
40942 449
41236 359
41392 424
41535 56
41546 151
41680 571
41803 448
41990 71
42013 608
42131 567
42208 226
42474 282
42478 383
42543 209
42686 332
42871 273
42948 248
42972 93
42986 177
43018 225
43313 78
43314 433
43584 81
43778 578
43939 468
43995 423
44003 217
44014 71
44260 337
44325 425
44329 169
44338 339
44453 171
44575 490
44663 588
44676 334
44679 77
44703 636
44736 21
44946 14
45099 168
45224 536
45326 496
45581 339
45620 240
45643 208
45755 167
45948 178
46032 332
46035 39
46098 88
46196 290
46230 495
46295 325
46465 198
46550 358
46645 129
46700 106
46982 206
47111 164
47240 562
47337 207
47352 272
47454 420
47705 406
47841 228
47997 187
48169 13
48175 151
48259 551
48347 30
48406 69
48439 508
48476 138
48488 621
48560 513
48744 28
48758 617
48829 459
48933 257
48980 202
49130 65
49234 357
49249 423
49414 417
49494 210
49624 588
49689 608
49819 456
49838 515
49959 402
50059 317
50181 454
50248 83
50309 29
50394 483
50445 178
50639 621
50823 627
50930 395
51037 76
51290 197
51293 238
51325 466
51333 256
51415 477
51417 66
51447 441
51620 434
51796 138
51934 217
52209 47
52315 522
52318 283
52479 418
52484 251
52640 637
52770 511
52820 606
52901 275
52948 15
52968 226
52984 251
52987 603
52994 545
53012 501
53035 68
53229 510
53463 569
53493 444
53578 177
53587 186
53621 497
53630 394
53764 380
53768 22
53874 126
53930 478
54029 269
54152 415
54186 528
54248 281
54489 170
54518 539
54536 289
54619 432
54759 384
55031 633
55083 22
55183 41
55292 403
55304 150
55483 312
55770 259
55995 415
56000 100
56070 297
56170 243
56310 525
56337 560
56372 471
56458 634
56503 316
56776 441
56860 353
57009 92
57030 546
57084 637
57130 224
57186 145
57491 277
57546 286
57764 628
57944 394
58107 17
58180 25
58332 3
58334 48
58412 632
58565 10
58649 324
58669 446
58718 346
58842 435
59056 37
59280 561
59356 179
59399 242
59432 82
59734 17
59753 296
59761 588
59832 54
60133 619
60140 478
60428 377
60460 85
60497 378
60619 611
60653 353
60672 267
60749 277
60890 559
61015 551
61210 453
61252 496
61488 497
61685 580
61826 591
61939 451
62017 566
62201 496
62271 319
62407 461
62411 462
62615 293
62641 189
62663 43
62946 16
63182 432
63185 142
63250 612
63556 184
63747 460
63772 308
63832 449
63882 152
63953 522
64096 110
64179 497
64395 248
64424 56
64549 256
64568 417
64631 43
64674 293
64713 483
64771 177
64774 154
65078 148
65216 254
65459 41
65570 248
65777 230
65869 252
65884 283
66044 223
66129 291
66276 439
66287 105
66436 263
66544 21
66563 9
66605 120
66639 189
66701 626
66829 219
66832 202
66972 583
67095 178
67135 514
67272 40
67289 153
67371 570
67608 394
67613 428
67614 427
67745 109
67869 0
67919 600
67959 498
68181 633
68194 598
68234 536
68416 622
68428 73
68580 528
68602 578
68608 446
68768 627
68809 528
68920 202
68994 209
69069 96
69114 541
69123 399
69228 627
69330 461
69551 573
69639 464
69832 417
70018 388
70089 4
70166 333
70298 171
70373 644
70382 72
70424 360
70490 511
70625 491
70735 505
70789 149
70940 628
71200 416
71399 313
71450 454
71466 122
71507 382
71532 513
71545 578
71551 380
71769 88
71901 125
72031 86
72333 257
72555 394
72578 174
72769 601
72801 507
72897 61
72933 602
73102 257
73117 61
73423 204
73641 58
73668 611
73794 61
73803 244
73843 500
73924 177
73946 261
74161 225
74285 468
74322 590
74402 548
74562 503
74734 111
74958 580
74978 137
75142 161
75205 471
75451 333
75626 196
75799 376
75977 50
76128 141
76403 65
76623 442
76678 519
76702 145
76876 624
76981 87
77205 326
77245 70
77284 351
77370 10
77443 28
77626 500
77821 263
77921 599
77941 521
78157 167
78288 367
78401 321
78554 557
78596 466
78798 590
78996 491
79058 95
79264 456
79393 256
79533 102
79600 353
79850 186
80118 336
80146 72
80191 63
80244 12
80366 4
80449 273
80654 531
80672 471
80816 645
80892 94
80910 229
81106 538
81257 369
81566 123
81580 596
81654 44
81720 447
81743 495
81910 356
82074 295
82166 194
82378 274
82393 12
82412 551
82413 413
82732 101
83045 549
83352 480
83414 633
83664 346
83889 265
83993 218
84005 507
84017 577
84064 573
84113 577
84137 144
84181 197
84213 303
84233 166
84246 99
84308 63
84367 544
84429 245
84589 617
84627 118
84719 398
84758 220
84897 113
85022 390
85106 367
85272 482
85487 60
85794 227
85827 159
85897 260
86017 359
86076 40
86134 532
86201 109
86362 466
86412 215
86459 412
86583 34
86760 226
86879 216
87116 287
87125 517
87213 43
87232 510
87275 392
87299 630
87319 384
87323 360
87385 308
87527 124
87552 50
87637 343
87775 128
87874 342
87964 154
88167 299
88294 609
88329 143
88330 265
88331 208
88332 129
88372 113
88540 212
88684 135
88857 296
88916 647
89003 599
89089 163
89104 72
89267 433
89317 416
89333 21
89432 254
89466 383
89638 171
89873 528
89944 133
90256 166
90343 468
90415 218
90438 560
90485 464
90652 560
90937 591
91231 485
91330 212
91387 462
91439 631
91452 399
91547 588
91761 311
91902 222
92030 464
92133 142
92199 42
92292 402
92541 579
92589 467
92743 199
92856 477
92862 140
92869 290
93118 276
93181 24
93186 641
93449 598
93522 434
93558 101
93614 562
93669 536
93921 606
93989 560
94175 509
94274 381
94285 142
94331 97
94397 252
94500 238
94679 13
94739 556
94740 227
94904 312
94906 33
95020 266
95261 11
95292 553
95561 444
95700 507
95773 196
95827 366
95911 452
96049 622
96060 203
96106 586
96153 475
96310 224
96320 355
96504 69
96607 302
96690 336
96766 490
96820 283
96887 59
96916 592
96974 385
97049 595
97089 126
97301 248
97382 133
97421 546
97678 34
97702 15
97806 10
97822 131
97898 421
98038 627
98098 62
98158 550
98182 407
98338 377
98367 157
98446 335
98512 245
98739 613
98838 122
99005 340
99037 634
99127 547
99445 441
99450 311
99497 498
