#io generator
#numio=999 maxtracks=999 lambda=2.500000
1 232
114 739
207 408
230 735
437 803
706 344
786 645
907 180
1114 420
1460 883
1512 292
1780 187
1873 612
2347 963
2424 556
2684 294
2942 267
2948 198
3141 157
3531 379
3959 742
4177 325
4265 221
4389 92
4566 403
5019 892
5222 781
5237 105
5327 69
5340 746
5510 864
5517 416
5543 77
5709 808
5757 550
5795 197
5857 913
5987 682
6013 28
6261 778
6362 752
6553 129
6688 752
6736 930
7016 306
7211 448
7245 720
7561 304
7824 481
7846 33
7852 303
7899 327
7943 752
7945 354
8197 786
8223 215
8360 804
8436 77
8579 580
8580 380
8916 687
9202 59
9296 696
9377 208
9412 478
9462 212
9715 473
9851 1
9897 550
9975 10
10049 488
10095 878
10157 570
10577 852
10606 964
10654 39
10837 64
10856 760
10966 273
11362 941
11490 152
11709 989
11910 727
11954 242
11969 228
12121 572
12228 460
12546 25
12642 720
12677 383
13095 216
13102 19
13170 102
13421 778
13505 720
13721 892
14044 447
14377 565
14412 103
14683 259
14755 390
15043 785
15346 700
15618 268
15715 988
15897 377
15938 690
16028 521
16288 178
16352 170
16701 22
16713 772
16826 948
16900 646
16909 149
17265 383
17401 739
17435 391
17538 981
17724 863
18168 313
18218 177
18394 698
18657 817
19095 717
19099 32
19218 493
19679 831
19706 33
20167 48
20263 520
20520 588
20883 230
21031 573
21049 543
21385 336
21602 891
22055 421
22255 794
22352 657
22479 444
22679 6
23074 671
23366 81
23574 818
23599 124
23673 918
23885 253
23914 285
24199 244
24485 715
24637 551
24799 558
25246 297
25324 395
25742 867
26037 645
26360 779
26429 711
26741 25
26874 990
26903 872
27263 862
27287 60
27316 954
27381 977
27572 886
27705 279
27810 503
27960 799
28309 532
28498 740
28533 542
28663 497
28716 382
28846 786
28930 672
29116 285
29251 787
29327 684
29556 650
29743 415
29879 193
30082 983
30286 272
30540 597
30808 453
30882 984
31373 859
31490 251
31540 7
31547 617
31742 700
32095 216
32214 249
32564 233
32914 564
33095 439
33333 344
33431 456
33598 208
33608 423
33794 393
33887 658
33939 891
34300 496
34648 949
34670 578
34851 20
35112 140
35168 696
35252 171
35307 24
35471 21
35553 34
35668 986
35718 532
35812 905
36191 818
36336 179
36547 475
36741 610
36840 792
36878 78
37152 985
37196 83
37393 592
37446 945
37613 864
38049 986
38398 445
38847 144
39303 385
39312 904
39353 614
39369 916
39386 761
39518 517
39660 717
39818 369
40025 814
40132 387
40225 707
40298 26
40447 301
40449 473
40680 987
40847 725
40930 668
41102 579
41162 715
41283 375
41398 25
41740 34
41969 488
42061 448
42126 856
42417 712
42562 170
42788 138
42901 752
43066 219
43293 230
43697 115
44046 576
44248 183
44310 192
44453 770
44497 452
44765 960
45164 209
45258 246
45270 958
45443 417
45647 769
45986 451
46072 110
46110 613
46120 307
46247 632
46451 925
46490 257
46693 412
46903 502
46987 651
47198 784
47546 777
47551 857
47645 450
47788 180
47863 9
48008 452
48048 177
48173 509
48374 142
48501 389
48514 707
48694 765
48717 357
48773 495
48774 979
48833 908
49071 313
49314 169
49555 325
49632 105
49705 912
49848 536
49865 67
49873 782
49915 560
49949 279
50005 820
50013 390
50049 315
50385 190
50448 168
50467 55
50583 867
50629 245
50668 574
50745 528
50863 909
50875 578
51329 113
51409 188
51601 536
51713 943
51792 514
51865 538
52152 222
52372 127
52460 828
52496 872
52699 407
52722 889
53185 470
53282 380
53399 50
53478 599
53573 547
53630 949
53633 218
53699 531
53840 847
53920 775
54070 489
54103 405
54294 40
54313 80
54344 992
54355 630
54450 533
54452 898
54605 370
54727 996
55096 773
55503 933
55986 257
56097 546
56117 828
56187 681
56256 489
56272 990
56405 190
56418 689
56455 134
56524 597
56713 332
56834 252
57041 996
57093 621
57338 198
57480 763
57588 23
57655 560
57959 632
58009 171
58033 331
58065 654
58195 234
58271 706
58353 666
58418 37
58916 802
58977 703
59242 539
59313 571
59539 882
59612 194
59968 646
60204 759
60263 997
60648 403
60720 93
60731 852
60802 404
60946 696
60959 864
61182 71
61372 24
61620 469
61765 101
61772 303
62240 377
62362 891
62366 254
62548 305
62600 583
62810 676
63054 436
63055 173
63547 702
63597 861
63699 315
63832 461
63849 1
63854 192
63862 330
63897 422
64183 70
64288 84
64505 752
64579 305
64689 920
65154 231
65233 988
65325 354
65526 649
65570 129
66005 749
66161 57
66394 618
66445 795
66856 427
66900 779
67021 665
67336 220
67432 202
67563 881
67587 510
67609 482
67731 519
68023 192
68056 55
68126 136
68394 913
68433 557
68567 443
68645 484
68966 571
69021 368
69070 130
69225 656
69297 116
69433 457
69604 652
70002 127
70036 778
70105 343
70395 641
70511 640
70653 674
70693 90
70716 551
70866 989
70890 840
70969 362
71412 948
71415 304
71427 558
71667 692
71710 703
71989 385
72106 140
72327 319
72579 210
73005 339
73339 159
73439 4
73650 6
74137 835
74437 353
74477 818
74542 218
74566 368
74815 886
74826 989
74982 881
75066 76
75070 106
75160 804
75228 356
75256 203
75384 575
75426 228
75578 202
75590 428
75732 264
75783 859
75900 371
75947 260
76001 291
76053 850
76087 626
76467 197
76690 323
76699 679
76728 254
76767 723
76877 424
76942 665
77061 735
77106 753
77572 83
77621 355
77688 498
77854 604
78086 467
78336 377
78425 976
78446 718
78905 163
78996 128
79092 594
79397 880
79400 160
79539 509
79884 768
79939 879
80243 502
80291 165
80595 769
80829 319
80969 130
81182 526
81232 433
81357 405
81645 636
81926 427
82045 703
82150 649
82202 957
82341 20
82386 426
82709 726
82896 39
83117 514
83388 481
83678 360
83843 549
84179 854
84644 395
84698 815
84704 84
84754 522
85010 692
85044 39
85226 719
85237 875
85265 933
85426 808
85874 332
85944 783
86219 159
86247 428
86457 32
86517 692
86616 543
86741 460
86912 753
87376 416
87481 156
87589 98
87914 517
88363 22
88470 577
88758 426
89119 156
89162 726
89230 356
89260 25
89348 438
89563 816
90027 228
90085 611
90548 261
90553 429
90649 485
90781 294
90904 316
91012 81
91041 881
91524 305
91542 718
91711 450
92035 647
92329 313
92411 657
92474 595
92865 908
93016 197
93409 7
93575 423
93710 909
93809 39
93855 882
93878 376
94120 113
94316 858
94604 305
94670 707
95087 150
95091 321
95361 318
95729 743
95775 495
96174 165
96297 558
96452 40
96564 16
96579 696
96927 200
96941 664
97008 756
97139 147
97151 834
97457 18
97926 876
98000 793
98039 257
98175 423
98409 480
98564 257
98571 179
98634 508
98673 376
98714 94
98864 279
99102 891
99108 284
99115 100
99138 893
99161 105
99406 458
99755 966
99969 438
100057 470
100427 980
100647 958
100678 25
100790 355
100882 673
100988 979
101403 210
101725 990
101846 911
101863 615
102132 211
102348 577
102539 621
102677 387
102688 935
102997 978
103365 586
103759 77
103924 406
104025 15
104040 883
104532 34
104550 868
104554 590
104806 118
104848 587
104920 928
104953 0
105093 710
105181 610
105360 247
105515 563
105805 528
105982 447
106373 74
106483 16
106907 460
106916 55
106988 76
107167 112
107206 853
107411 524
107664 866
107795 334
107945 913
108349 224
108381 535
108637 996
108649 429
108753 1
108877 908
108880 464
108962 68
109091 699
109119 167
109392 338
109396 513
109710 804
109795 389
109822 957
109887 85
109923 466
110091 971
110201 686
110292 908
110491 906
110768 705
110851 188
111098 891
111435 917
111446 700
111499 81
111542 122
111877 594
112003 26
112144 815
112165 736
112225 733
112435 746
112532 111
112716 109
112719 475
112994 389
113181 589
113240 551
113365 341
113417 766
113515 467
113853 309
113864 401
113937 616
113981 448
114059 500
114095 64
114146 604
114181 904
114394 193
114480 530
114633 45
114656 866
114815 630
114857 850
114947 631
115016 287
115415 382
115614 278
115970 727
116048 407
116410 419
116594 516
116751 561
116798 788
117199 762
117282 988
117615 241
117769 515
117875 439
118239 82
118477 201
118481 142
118820 304
118848 797
118854 498
118895 944
119265 861
119375 514
119473 693
119538 367
119646 677
119725 341
120096 944
120405 369
120492 770
120599 144
121045 477
121106 863
121359 430
121545 815
121929 867
122168 848
122389 222
122470 154
122838 667
122968 374
123044 879
123258 266
123541 574
123716 211
123792 89
123871 319
124017 644
124053 350
124067 845
124100 6
124312 927
124619 443
124648 220
124807 68
125144 121
125248 235
125279 501
125564 733
125591 40
125606 227
125696 399
125957 42
126110 146
126133 429
126200 126
126228 241
126691 587
126780 203
126817 460
126834 307
127186 328
127252 63
127538 138
127800 968
127835 877
127874 576
127932 991
128100 861
128127 738
128189 452
128504 436
128706 847
128710 86
128719 210
128858 144
128986 450
129099 827
129226 303
129661 311
129718 145
129756 469
129973 467
130083 342
130155 601
130170 622
130180 947
130191 748
130453 84
130743 848
130806 382
131290 812
131579 465
131756 347
132000 608
132185 41
132420 847
132546 477
132614 973
132893 647
133043 903
133100 630
133404 330
133489 648
133584 214
133706 709
133864 491
133995 430
134416 166
134666 726
134914 437
135158 529
135218 280
135219 603
135272 828
135324 830
135547 521
135657 585
135962 841
136010 268
136020 732
136477 654
136523 503
136539 182
136729 864
137089 444
137154 678
137604 588
138029 982
138067 215
138340 444
138348 545
138784 508
138809 819
138886 366
138903 407
138922 68
138933 324
139081 148
139206 242
139208 416
139407 316
139425 662
139780 57
139959 99
140016 458
140153 319
140279 827
140305 330
140340 501
140437 587
140597 488
140778 925
140789 798
140890 303
141163 850
141643 129
142049 653
142055 4
142119 134
142177 758
142371 596
142612 188
142710 898
142839 604
142930 939
142968 3
143067 842
143450 489
143627 363
143886 455
143929 783
144082 162
144184 620
144217 738
144453 443
144574 433
144581 261
144750 466
144782 142
144795 562
144810 264
144956 511
144976 497
145209 860
145470 205
145484 578
145742 238
145745 411
145837 755
145870 849
145923 600
146263 515
146309 357
146503 367
146603 240
146709 694
146979 961
147245 305
147676 553
147709 758
147947 243
148021 550
148137 355
148566 887
148587 129
148812 365
149034 628
149365 954
149837 559
149907 417
150172 772
150193 609
150417 914
150783 699
150895 83
151004 228
151075 796
151326 808
151356 741
151559 264
151881 434
152053 603
152065 513
152208 51
152222 881
152334 874
152518 580
152635 392
152756 400
152773 965
152890 551
152929 810
153006 974
153174 502
153388 317
153631 590
153865 398
